t              x              y
    0               1               0
    0    0.9999802608  0.006283185307
    0    0.9999210439   0.01256612256
0.003    0.9998223518   0.01884856373
    0    0.9996841882   0.02513026079
    0    0.9995065587   0.03141096574
    0    0.9992894703   0.03769043063
    0    0.9990329315   0.04396840757
    0    0.9987369525   0.05024464871
    0    0.9984015449   0.05651890626
    0     0.998026722   0.06279093254
    0    0.9976124985   0.06906047993
    0     0.997158891   0.07532730093
    0    0.9966659171   0.08159114812
    0    0.9961335965   0.08785177422
    0    0.9955619501   0.09410893208
    0    0.9949510005    0.1003623747
    0    0.9943007718    0.1066118551
    0    0.9936112897    0.1128571267
    0    0.9928825814    0.1190979428
    0    0.9921146757    0.1253340572
    0    0.9913076029    0.1315652235
    0    0.9904613948    0.1377911959
    0    0.9895760849    0.1440117285
    0    0.9886517081    0.1502265758
    0    0.9876883009    0.1564354923
    0    0.9866859013     0.162638233
    0     0.985644549     0.168834553
    0     0.984564285    0.1750242077
    0    0.9834451519    0.1812069528
    0    0.9822871941     0.187382544
    0    0.9810904571    0.1935507377
    0    0.9798549882    0.1997112904
    0    0.9785808362    0.2058639587
    0    0.9772680515    0.2120084999
    0    0.9759166857    0.2181446713
    0    0.9745267924    0.2242722307
    0    0.9730984262    0.2303909362
    0    0.9716316438    0.2365005463
    0    0.9701265029    0.2426008196
    0    0.9685830629    0.2486915155
    0    0.9670013849    0.2547723935
    0    0.9653815312    0.2608432135
    0    0.9637235658    0.2669037358
    0    0.9620275542    0.2729537211
    0    0.9602935633    0.2789929307
    0    0.9585216616    0.2850211261
    0     0.956711919    0.2910380694
    0    0.9548644069    0.2970435229
    0    0.9529791984    0.3030372496
    0    0.9510563678     0.309019013
    0    0.9490959911    0.3149885767
    0    0.9470981456    0.3209457053
    0    0.9450629103    0.3268901634
    0    0.9429903654    0.3328217164
    0    0.9408805928    0.3387401302
    0    0.9387336758    0.3446451711
    0    0.9365496992    0.3505366059
    0    0.9343287491    0.3564142022
    0    0.9320709132    0.3622777278
    0    0.9297762808    0.3681269513
    0    0.9274449423    0.3739616417
    0    0.9250769899    0.3797815688
    0    0.9226725169    0.3855865027
    0    0.9202316184    0.3913762143
    0    0.9177543907     0.397150475
    0    0.9152409316    0.4029090569
    0    0.9126913403    0.4086517327
    0    0.9101057174    0.4143782755
    0    0.9074841652    0.4200884594
    0     0.904826787    0.4257820589
    0    0.9021336877    0.4314588493
    0    0.8994049738    0.4371186063
    0    0.8966407529    0.4427611067
    0    0.8938411341    0.4483861277
    0     0.891006228    0.4539934471
    0    0.8881361465    0.4595828436
    0    0.8852310029    0.4651540966
    0    0.8822909119    0.4707069861
    0    0.8793159896    0.4762412929
    0    0.8763063534    0.4817567985
    0    0.8732621221    0.4872532851
    0     0.870183416    0.4927305359
    0    0.8670703565    0.4981883345
    0    0.8639230666    0.5036264655
    0    0.8607416705    0.5090447142
    0    0.8575262938    0.5144428667
    0    0.8542770635    0.5198207099
    0    0.8509941078    0.5251780315
    0    0.8476775564      0.53051462
    0    0.8443275401    0.5358302647
    0    0.8409441913    0.5411247557
    0    0.8375276435    0.5463978842
    0    0.8340780316    0.5516494417
    0    0.8305954917    0.5568792212
    0    0.8270801614     0.562087016
    0    0.8235321795    0.5672726207
    0     0.819951686    0.5724358304
    0    0.8163388223    0.5775764414
    0     0.812693731    0.5826942508
    0     0.809016556    0.5877890564
    0    0.8053074424    0.5928606571
    0    0.8015665368    0.5979088528
    0    0.7977939868    0.6029334441
    0    0.7939899414    0.6079342327
    0    0.7901545506    0.6129110212
    0     0.786287966     0.617863613
    0    0.7823903402    0.6227918128
    0    0.7784618271    0.6276954258
    0    0.7745025817    0.6325742586
    0    0.7705127604    0.6374281186
    0    0.7664925207     0.642256814
    0    0.7624420212    0.6470601543
    0     0.758361422    0.6518379499
    0    0.7542508841    0.6565900122
    0    0.7501105697    0.6613161535
    0    0.7459406424    0.6660161873
    0    0.7417412668     0.670689928
    0    0.7375126086    0.6753371911
    0    0.7332548348    0.6799577932
    0    0.7289681134    0.6845515519
    0    0.7246526138    0.6891182857
    0    0.7203085063    0.6936578145
    0    0.7159359624     0.698169959
    0    0.7115351547    0.7026545411
    0     0.707106257    0.7071113837
    0     0.702649444    0.7115403109
    0    0.6981648919    0.7159411478
    0    0.6936527775    0.7203137208
    0     0.689113279    0.7246578573
    0    0.6845465757    0.7289733856
    0    0.6799528478    0.7332601355
    0    0.6753322768    0.7375179377
    0    0.6706850449    0.7417466241
    0    0.6660113357    0.7459460278
    0    0.6613113337    0.7501159831
    0    0.6565852244    0.7542563252
    0    0.6518331944    0.7583668908
    0    0.6470554313    0.7624475176
    0    0.6422521238    0.7664980445
    0    0.6374234615    0.7705183116
    0    0.6325696349    0.7745081601
    0    0.6276908358    0.7784674326
    0    0.6227872567    0.7823959728
    0    0.6178590912    0.7862936256
    0    0.6129065339    0.7901602371
    0    0.6079297803    0.7939956547
    0    0.6029290269    0.7977997269
    0     0.597904471    0.8015723037
    0    0.5928563111     0.805313236
    0    0.5877847465    0.8090223762
    0    0.5826899773    0.8126995778
    0    0.5775722047    0.8163446958
    0    0.5724316308    0.8199575862
    0    0.5672684585    0.8235381063
    0    0.5620828916    0.8270861149
    0    0.5568751348    0.8306014718
    0    0.5516453938    0.8340840383
    0    0.5463938749     0.837533677
    0    0.5411207856    0.8409502516
    0     0.535826334    0.8443336272
    0    0.5305107291    0.8476836704
    0    0.5251741808    0.8510002488
    0    0.5198168997    0.8542832315
    0    0.5144390973     0.857532489
    0     0.509040986    0.8607478929
    0    0.5036227789    0.8639293163
    0    0.4981846898    0.8670766337
    0    0.4927269334    0.8701897207
    0    0.4872497253    0.8732684546
    0    0.4817532816    0.8763127137
    0    0.4762378193    0.8793223779
    0    0.4707035563    0.8822973284
    0    0.4651507108    0.8852374477
    0    0.4595795023    0.8881426198
    0    0.4539901505      0.89101273
    0    0.4483828763    0.8938476649
    0    0.4427579008    0.8966473128
    0    0.4371154463     0.899411563
    0    0.4314557355    0.9021403065
    0    0.4257789917    0.9048334355
    0    0.4200854391    0.9074908437
    0    0.4143753025    0.9101124262
    0    0.4086488074    0.9126980795
    0    0.4029061796    0.9152477015
    0    0.3971476461    0.9177611917
    0    0.3913734341    0.9202384508
    0    0.3855837715    0.9226793809
    0     0.379778887    0.9250838858
    0    0.3739590097    0.9274518705
    0    0.3681243694    0.9297832415
    0    0.3622751963    0.9320779069
    0    0.3564117215     0.934335776
    0    0.3505341764    0.9365567596
    0     0.344642793    0.9387407702
    0    0.3387378039    0.9408877216
    0    0.3328194422    0.9429975288
    0    0.3268879416    0.9450701088
    0    0.3209435363    0.9471053796
    0    0.3149864608     0.949103261
    0    0.3090169505     0.951063674
    0    0.3030352408    0.9529865413
    0    0.2970415681    0.9548717869
    0    0.2910361689    0.9567193365
    0    0.2850192803    0.9585291171
    0    0.2789911398    0.9603010573
    0    0.2729519854    0.9620350872
    0    0.2669020555    0.9637311382
    0     0.260841589    0.9653891435
    0    0.2547708251    0.9670090375
    0    0.2486900035    0.9685907564
    0    0.2425993642    0.9701342377
    0    0.2364991476    0.9716394206
    0    0.2303895947    0.9731062454
    0    0.2242709465    0.9745346545
    0    0.2181434447    0.9759245913
    0    0.2120073312    0.9772760011
    0    0.2058628481    0.9785888305
    0    0.1997102381    0.9798630276
    0     0.193549744    0.9810985422
    0     0.187381609    0.9822953254
    0    0.1812060767    0.9834533302
    0    0.1750233908    0.9845725107
    0    0.1688337955    0.9856528228
    0     0.162637535    0.9866942238
    0     0.156434854    0.9876966726
    0    0.1502259974    0.9886601297
    0    0.1440112102    0.9895845571
    0    0.1377907379    0.9904699182
    0    0.1315648259    0.9913161781
    0    0.1253337201    0.9921233034
    0    0.1190976664    0.9928912622
    0    0.1128569111    0.9936200243
    0    0.1066117004    0.9943095609
    0    0.1003622811    0.9949598447
    0   0.09410889964    0.9955708501
    0   0.08785180305     0.996142553
    0    0.0815912383    0.9966749309
    0   0.07532745254    0.9971679626
    0   0.06906069306    0.9976216288
    0   0.06279120724    0.9980359116
    0   0.05651924259    0.9984107945
    0   0.05024504672    0.9987462629
    0    0.0439688673    0.9990423035
    0   0.03769095211    0.9992989045
    0   0.03141154899    0.9995160559
    0   0.02513090582    0.9996937492
    0   0.01884927055    0.9998319772
    0   0.01256689117    0.9999307346
    0  0.006284015678    0.9999900175
    0 8.921101907e-007     1.000009823
    0 -0.006282231493    0.9999901518
    0  -0.01256510709    0.9999310033
    0  -0.01884748665    0.9998323802
    0  -0.02512912217    0.9996942866
    0  -0.03140976565    0.9995167277
    0  -0.03768916917    0.9992997108
    0  -0.04396708482    0.9990432442
    0  -0.05024326478    0.9987473383
    0  -0.05651746127    0.9984120046
    0  -0.06278942661    0.9980372563
    0  -0.06905891321    0.9976231084
    0  -0.07532567355    0.9971695771
    0  -0.08158946024    0.9966766804
    0  -0.08785002602    0.9961444378
    0  -0.09410712373    0.9955728702
    0   -0.1003605064    0.9949620002
    0    -0.106609927    0.9943118519
    0   -0.1128551391    0.9936224511
    0   -0.1190958959    0.9928938249
    0   -0.1253319512    0.9921260021
    0   -0.1315630587    0.9913190131
    0   -0.1377889725    0.9904728896
    0   -0.1440094468    0.9895876652
    0    -0.150224236    0.9886633747
    0   -0.1564330948    0.9877000546
    0    -0.162635778    0.9866977431
    0   -0.1688320409    0.9856564796
    0   -0.1750216388    0.9845763053
    0   -0.1812043274    0.9834572628
    0   -0.1873798625    0.9822993963
    0   -0.1935480005    0.9811027516
    0   -0.1997084977    0.9798673758
    0   -0.2058611111    0.9785933178
    0   -0.2120055976    0.9772806278
    0   -0.2181417148    0.9759293578
    0   -0.2242692205    0.9745395609
    0   -0.2303878726    0.9731112922
    0   -0.2364974298    0.9716446079
    0   -0.2425976507    0.9701395661
    0   -0.2486882946     0.968596226
    0   -0.2547691211    0.9670146488
    0     -0.26083989    0.9653948967
    0   -0.2669003618    0.9637370338
    0   -0.2729502972    0.9620411254
    0   -0.2789894573    0.9603072387
    0   -0.2850176038    0.9585354419
    0   -0.2910344986    0.9567258052
    0   -0.2970399043    0.9548783998
    0   -0.3030335838    0.9529932988
    0   -0.3090153005    0.9510705765
    0   -0.3149848182    0.9491103089
    0   -0.3209419012    0.9471125735
    0   -0.3268863145    0.9450774489
    0   -0.3328178234    0.9430050157
    0   -0.3387361936    0.9408953555
    0   -0.3446411916    0.9387485518
    0   -0.3505325842    0.9365646892
    0   -0.3564101389     0.934343854
    0   -0.3622736237    0.9320861338
    0    -0.368122807    0.9297916179
    0   -0.3739574581    0.9274603967
    0   -0.3797773464    0.9250925623
    0   -0.3855822424    0.9226882082
    0   -0.3913719168    0.9202474293
    0   -0.3971461411     0.917770322
    0   -0.4029046874     0.915256984
    0   -0.4086473282    0.9127075147
    0    -0.414373837    0.9101220146
    0   -0.4200839876    0.9075005858
    0   -0.4257775547    0.9048433318
    0   -0.4314543135    0.9021503575
    0   -0.4371140398    0.8994217693
    0   -0.4427565103    0.8966576748
    0   -0.4483815022    0.8938581832
    0   -0.4539887935     0.891023405
    0   -0.4595781628     0.888153452
    0   -0.4651493894    0.8852484377
    0   -0.4707022535    0.8823084767
    0   -0.4762365358    0.8793336851
    0   -0.4817520178    0.8763241802
    0   -0.4872484819     0.873280081
    0    -0.492725711    0.8702015076
    0   -0.4981834889    0.8670885815
    0   -0.5036216002    0.8639414256
    0   -0.5090398302    0.8607601642
    0    -0.514437965    0.8575449228
    0   -0.5198157915    0.8542958284
    0   -0.5251730974    0.8510130093
    0   -0.5305096712    0.8476965951
    0   -0.5358253023    0.8443467166
    0   -0.5411197808    0.8409635061
    0   -0.5463928978    0.8375470973
    0   -0.5516444449    0.8340976249
    0   -0.5568742151    0.8306152252
    0   -0.5620820017    0.8271000356
    0   -0.5672675992    0.8235521949
    0   -0.5724308029    0.8199718431
    0   -0.5775714091    0.8163591217
    0   -0.5826892146    0.8127141732
    0   -0.5877840176    0.8090371415
    0   -0.5928556169    0.8053281717
    0   -0.5979038123    0.8015874104
    0   -0.6029284045    0.7978150052
    0   -0.6079291951     0.794011105
    0   -0.6129059868      0.79017586
    0   -0.6178585831    0.7863094215
    0   -0.6227867885    0.7824119423
    0   -0.6276904084    0.7784835762
    0   -0.6325692493    0.7745244782
    0   -0.6374231185    0.7705348047
    0   -0.6422518245    0.7665147131
    0   -0.6470551766    0.7624643623
    0   -0.6518329852     0.758383912
    0   -0.6565850618    0.7542735234
    0   -0.6613112187    0.7501333586
    0   -0.6660112693    0.7459635813
    0   -0.6706850282    0.7417643559
    0   -0.6753323107    0.7375358483
    0   -0.6799529336    0.7332782254
    0   -0.6845467143    0.7289916552
    0   -0.6891134715    0.7246763071
    0   -0.6936530249    0.7203323512
    0   -0.6981651954    0.7159599592
    0   -0.7026498048    0.7115593037
    0   -0.7071066761    0.7071305583
    0   -0.7115356333    0.7026738979
    0   -0.7159365017    0.6981894985
    0   -0.7203091074     0.693677537
    0   -0.7246532779    0.6891381916
    0   -0.7289688417    0.6845716416
    0   -0.7332556284    0.6799780671
    0   -0.7375134688    0.6753576495
    0   -0.7417421948    0.6707105712
    0   -0.7459416396    0.6660370156
    0   -0.7501116372    0.6613371674
    0   -0.7542520231    0.6566112119
    0    -0.758362634    0.6518593358
    0   -0.7624433073    0.6470817266
    0   -0.7664938822     0.642278573
    0   -0.7705141987    0.6374500646
    0   -0.7745040981     0.632596392
    0   -0.7784634229    0.6277177468
    0   -0.7823920168    0.6228143215
    0   -0.7862897248    0.6178863099
    0   -0.7901563928    0.6129339063
    0   -0.7939918684    0.6079573063
    0   -0.7977960001    0.6029567064
    0   -0.8015686377     0.597932304
    0   -0.8053096324    0.5928842975
    0   -0.8090188364     0.587812886
    0   -0.8126961033    0.5827182698
    0   -0.8163412879    0.5776006501
    0   -0.8199542465    0.5724602288
    0   -0.8235348362    0.5672972089
    0   -0.8270829158    0.5621117942
    0   -0.8305983453    0.5569041895
    0   -0.8340809858    0.5516746002
    0   -0.8375306999    0.5464232328
    0   -0.8409473514    0.5411502947
    0   -0.8443308054     0.535855994
    0   -0.8476809284    0.5305405397
    0   -0.8509975881    0.5252041416
    0   -0.8542806536    0.5198470104
    0   -0.8575299953    0.5144693576
    0   -0.8607454848    0.5090713954
    0   -0.8639269954    0.5036533371
    0   -0.8670744014    0.4982153964
    0   -0.8701875785     0.492757788
    0   -0.8732664039    0.4872807274
    0    -0.876310756    0.4817844307
    0   -0.8793205147     0.476269115
    0   -0.8822955611    0.4707349981
    0   -0.8852357777    0.4651822982
    0   -0.8881410487    0.4596112348
    0   -0.8910112591    0.4540220276
    0   -0.8938462958    0.4484148973
    0   -0.8966460468    0.4427900653
    0   -0.8994104016    0.4371477536
    0   -0.9021392511     0.431488185
    0   -0.9048324876    0.4258115829
    0   -0.9074900047    0.4201181713
    0   -0.9101116976    0.4144081751
    0   -0.9126974627    0.4086818196
    0   -0.9152471979    0.4029393309
    0   -0.9177608027    0.3971809357
    0   -0.9202381778    0.3914068613
    0   -0.9226792254    0.3856173357
    0   -0.9250838491    0.3798125873
    0   -0.9274519541    0.3739928454
    0   -0.9297834467    0.3681583397
    0   -0.9320782351    0.3623093005
    0   -0.9343362286    0.3564459587
    0   -0.9365573381    0.3505685458
    0   -0.9387414759    0.3446772938
    0   -0.9408885558    0.3387724353
    0    -0.942998493    0.3328542033
    0   -0.9450712042    0.3269228315
    0   -0.9471066076     0.320978554
    0    -0.949104623    0.3150216056
    0   -0.9510651713    0.3090522213
    0   -0.9529881752    0.3030706368
    0   -0.9548735588    0.2970770883
    0   -0.9567212477    0.2910718122
    0   -0.9585311689    0.2850550458
    0    -0.960303251    0.2790270266
    0    -0.962037424    0.2729879924
    0   -0.9637336195    0.2669381817
    0   -0.9653917705    0.2608778333
    0   -0.9670118116    0.2548071864
    0   -0.9685936788    0.2487264808
    0   -0.9701373096    0.2426359564
    0   -0.9716426432    0.2365358537
    0   -0.9731096201    0.2304264134
    0   -0.9745381824    0.2243078768
    0   -0.9759282737    0.2181804854
    0   -0.9772798391    0.2120444811
    0   -0.9785928253    0.2059001061
    0   -0.9798671805    0.1997476029
    0   -0.9811028543    0.1935872145
    0    -0.982299798     0.187419184
    0   -0.9834579643    0.1812437549
    0   -0.9845773075    0.1750611711
    0   -0.9856577833    0.1688716765
    0   -0.9866993493    0.1626755155
    0   -0.9877019642    0.1564729327
    0   -0.9886655885    0.1502641729
    0   -0.9895901841    0.1440494813
    0   -0.9904757145    0.1378291032
    0   -0.9913221448    0.1316032842
    0   -0.9921294416      0.12537227
    0   -0.9928975729    0.1191363065
    0   -0.9936265086      0.11289564
    0   -0.9943162197    0.1066505168
    0   -0.9949666791    0.1004011835
    0   -0.9955778611   0.09414788677
    0   -0.9961497415   0.08789087342
    0   -0.9966822978   0.08163039047
    0   -0.9971755091   0.07536668508
    0   -0.9976293557   0.06910000451
    0   -0.9980438198   0.06283059613
    0    -0.998418885   0.05655870745
    0   -0.9987545365   0.05028458605
    0   -0.9990507611   0.04400847962
    0   -0.9993075471   0.03773063589
    0   -0.9995248843   0.03145130272
    0   -0.9997027642   0.02517072796
    0   -0.9998411797   0.01888915957
    0   -0.9999401253    0.0126068455
    0   -0.9999995973  0.006324033767
    0    -1.000019593 4.09723836e-005
    0    -1.000000112 -0.006242090617
    0    -0.999941155   -0.0125249072
    0   -0.9998427241  -0.01880722936
    0   -0.9997048234  -0.02508880907
    0   -0.9995274581  -0.03136939838
    0   -0.9993106355  -0.03764874935
    0   -0.9990543639  -0.04392661409
    0   -0.9987586536  -0.05020274478
    0   -0.9984235162  -0.05647689366
    0   -0.9980489649  -0.06274881305
    0   -0.9976350146  -0.06901825537
    0   -0.9971816815  -0.07528497311
    0   -0.9966889836   -0.0815487189
    0   -0.9961569402  -0.08780924546
    0   -0.9955855725  -0.09406630566
    0   -0.9949749029   -0.1003196525
    0   -0.9943249557   -0.1065690391
    0   -0.9936357563   -0.1128142187
    0   -0.9929073321   -0.1190549449
    0   -0.9921397117   -0.1252909713
    0   -0.9913329255   -0.1315220517
    0   -0.9904870054   -0.1377479401
    0   -0.9896019847   -0.1439683907
    0   -0.9886778984   -0.1501831581
    0   -0.9877147829   -0.1563919967
    0   -0.9867126763   -0.1625946617
    0   -0.9856716181    -0.168790908
    0   -0.9845916494   -0.1749804911
    0   -0.9834728128   -0.1811631667
    0   -0.9823151526   -0.1873386907
    0   -0.9811187144   -0.1935068192
    0   -0.9798835454   -0.1996673089
    0   -0.9786096944   -0.2058199164
    0   -0.9772972117    -0.211964399
    0   -0.9759461491   -0.2181005141
    0     -0.97455656   -0.2242280194
    0   -0.9731284991    -0.230346673
    0   -0.9716620229   -0.2364562334
    0   -0.9701571892   -0.2425564595
    0   -0.9686140574   -0.2486471104
    0   -0.9670326886   -0.2547279456
    0    -0.965413145   -0.2607987252
    0   -0.9637554906   -0.2668592095
    0   -0.9620597909   -0.2729091592
    0   -0.9603261128   -0.2789483354
    0   -0.9585545247   -0.2849764999
    0   -0.9567450966   -0.2909934146
    0   -0.9548978999    -0.296998842
    0   -0.9530130074   -0.3029925451
    0   -0.9510904937   -0.3089742871
    0   -0.9491304346   -0.3149438321
    0   -0.9471329075   -0.3209009442
    0   -0.9450979912   -0.3268453885
    0   -0.9430257661   -0.3327769301
    0   -0.9409163139    -0.338695335
    0    -0.938769718   -0.3446003694
    0    -0.936586063   -0.3504918004
    0   -0.9343654353   -0.3563693953
    0   -0.9321079223   -0.3622329221
    0   -0.9298136133   -0.3680821494
    0   -0.9274825988   -0.3739168461
    0   -0.9251149708   -0.3797367821
    0   -0.9227108228   -0.3855417275
    0   -0.9202702498   -0.3913314532
    0   -0.9177933479   -0.3971057306
    0   -0.9152802151   -0.4028643318
    0   -0.9127309505   -0.4086070294
    0   -0.9101456547   -0.4143335968
    0   -0.9075244299   -0.4200438079
    0   -0.9048673794   -0.4257374372
    0   -0.9021746083     -0.43141426
    0   -0.8994462226   -0.4370740523
    0   -0.8966823303   -0.4427165905
    0   -0.8938830403   -0.4483416519
    0   -0.8910484632   -0.4539490145
    0   -0.8881787109   -0.4595384569
    0   -0.8852738966   -0.4651097585
    0   -0.8823341351   -0.4706626993
    0   -0.8793595423   -0.4761970601
    0   -0.8763502358   -0.4817126224
    0   -0.8733063342   -0.4872091685
    0   -0.8702279578   -0.4926864815
    0    -0.867115228    -0.498144345
    0   -0.8639682678   -0.5035825437
    0   -0.8607872014   -0.5090008628
    0   -0.8575721543   -0.5143990884
    0   -0.8543232534   -0.5197770076
    0   -0.8510406271   -0.5251344078
    0   -0.8477244049   -0.5304710777
    0   -0.8443747176   -0.5357868066
    0   -0.8409916976   -0.5410813846
    0   -0.8375754784   -0.5463546028
    0   -0.8341261948   -0.5516062529
    0    -0.830643983   -0.5568361276
    0   -0.8271289805   -0.5620440205
    0    -0.823581326    -0.567229726
    0   -0.8200011595   -0.5723930394
    0   -0.8163886224   -0.5775337568
    0   -0.8127438574   -0.5826516753
    0   -0.8090670082   -0.5877465929
    0     -0.80535822   -0.5928183083
    0   -0.8016176392   -0.5978666216
    0   -0.7978454135   -0.6028913332
    0   -0.7940416918   -0.6078922449
    0   -0.7902066242   -0.6128691592
    0   -0.7863403622   -0.6178218797
    0   -0.7824430584   -0.6227502109
    0   -0.7785148665   -0.6276539582
    0   -0.7745559418    -0.632532928
    0   -0.7705664404   -0.6373869276
    0   -0.7665465198   -0.6422157656
    0   -0.7624963387   -0.6470192512
    0   -0.7584160571   -0.6517971949
    0    -0.754305836    -0.656549408
    0   -0.7501658376   -0.6612757028
    0   -0.7459962253   -0.6659758929
    0   -0.7417971639   -0.6706497927
    0   -0.7375688189   -0.6752972177
    0   -0.7333113574   -0.6799179843
    0   -0.7290249474   -0.6845119103
    0   -0.7247097581   -0.6890788141
    0   -0.7203659599   -0.6936185156
    0   -0.7159937242   -0.6981308356
    0   -0.7115932237   -0.7026155958
    0    -0.707164632   -0.7070726193
    0   -0.7027081239     -0.71150173
    0   -0.6982238755   -0.7159027532
    0   -0.6937120636   -0.7202755152
    0   -0.6891728664   -0.7246198432
    0   -0.6846064632   -0.7289355658
    0   -0.6800130341   -0.7332225125
    0   -0.6753927605   -0.7374805143
    0   -0.6707458248   -0.7417094029
    0   -0.6660724104   -0.7459090115
    0   -0.6613727019   -0.7500791742
    0   -0.6566468846   -0.7542197264
    0   -0.6518951452   -0.7583305047
    0   -0.6471176713   -0.7624113467
    0   -0.6423146515   -0.7664620914
    0   -0.6374862753   -0.7704825789
    0   -0.6326327334   -0.7744726504
    0   -0.6277542174   -0.7784321484
    0   -0.6228509198   -0.7823609166
    0   -0.6179230342      -0.7862588
    0   -0.6129707551   -0.7901256445
    0   -0.6079942781   -0.7939612977
    0   -0.6029937996    -0.797765608
    0   -0.5979695169   -0.8015384252
    0   -0.5929216285   -0.8052796005
    0   -0.5878503336   -0.8089889861
    0   -0.5827558323   -0.8126664356
    0   -0.5776383259   -0.8163118038
    0   -0.5724980163   -0.8199249468
    0   -0.5673351064    -0.823505722
    0      -0.5621498    -0.827053988
    0   -0.5569423019   -0.8305696047
    0   -0.5517128176   -0.8340524333
    0   -0.5464615535   -0.8375023364
    0    -0.541188717   -0.8409191777
    0   -0.5358945162   -0.8443028224
    0   -0.5305791601   -0.8476531368
    0   -0.5252428585   -0.8509699887
    0   -0.5198858221   -0.8542532473
    0   -0.5145082623   -0.8575027827
    0   -0.5091103915   -0.8607184668
    0   -0.5036924227   -0.8639001727
    0   -0.4982545698   -0.8670477746
    0   -0.4927970475   -0.8701611484
    0   -0.4873200711   -0.8732401711
    0    -0.481823857   -0.8762847212
    0   -0.4763086221   -0.8792946785
    0   -0.4707745841   -0.8822699241
    0   -0.4652219615   -0.8852103406
    0   -0.4596509734   -0.8881158119
    0   -0.4540618399   -0.8909862233
    0   -0.4484547814   -0.8938214615
    0   -0.4428300194   -0.8966214146
    0    -0.437187776    -0.899385972
    0   -0.4315282738   -0.9021150245
    0   -0.4258517362   -0.9048084645
    0   -0.4201583875   -0.9074661856
    0   -0.4144484522   -0.9100880829
    0   -0.4087221558   -0.9126740528
    0   -0.4029797245   -0.9152239933
    0   -0.3972213847   -0.9177378037
    0    -0.391447364   -0.9202153848
    0   -0.3856578901   -0.9226566387
    0   -0.3798531918   -0.9250614691
    0    -0.374033498    -0.927429781
    0   -0.3681990386    -0.929761481
    0   -0.3623500438   -0.9320564769
    0   -0.3564867447   -0.9343146782
    0   -0.3506093725   -0.9365359957
    0   -0.3447181594   -0.9387203417
    0   -0.3388133379     -0.94086763
    0   -0.3328951412   -0.9429777758
    0   -0.3269638028   -0.9450506959
    0   -0.3210195569   -0.9470863082
    0   -0.3150626381   -0.9490845326
    0   -0.3090932816   -0.9510452901
    0   -0.3031117231   -0.9529685032
    0   -0.2971181987   -0.9548540962
    0    -0.291112945   -0.9567019944
    0    -0.285096199    -0.958512125
    0   -0.2790681984   -0.9602844166
    0    -0.273029181    -0.962018799
    0   -0.2669793852   -0.9637152039
    0   -0.2609190499   -0.9653735643
    0   -0.2548484143   -0.9669938146
    0   -0.2487677181   -0.9685758911
    0   -0.2426772012    -0.970119731
    0   -0.2365771043   -0.9716252737
    0   -0.2304676679   -0.9730924594
    0   -0.2243491334   -0.9745212305
    0   -0.2182217423   -0.9759115304
    0   -0.2120857365   -0.9772633042
    0   -0.2059413581   -0.9785764986
    0   -0.1997888498   -0.9798510617
    0   -0.1936284544   -0.9810869433
    0   -0.1874604151   -0.9822840944
    0   -0.1812849755   -0.9834424679
    0   -0.1751023793   -0.9845620181
    0   -0.1689128705   -0.9856427006
    0   -0.1627166936   -0.9866844728
    0   -0.1565140931   -0.9876872937
    0   -0.1503053139   -0.9886511236
    0    -0.144090601   -0.9895759244
    0   -0.1378701999   -0.9904616597
    0   -0.1316443561   -0.9913082944
    0   -0.1254133153   -0.9921157951
    0   -0.1191773236   -0.9928841301
    0   -0.1129366271   -0.9936132688
    0   -0.1066914722   -0.9943031825
    0   -0.1004421054    -0.994953844
    0   -0.0941887735   -0.9955652276
    0  -0.08793172326   -0.9961373092
    0  -0.08167120173    -0.996670066
    0  -0.07540745604   -0.9971634772
    0  -0.06914073349   -0.9976175233
    0  -0.06287128146   -0.9980321862
    0  -0.05659934745   -0.9984074496
    0  -0.05032517905   -0.9987432987
    0  -0.04404902396   -0.9990397203
    0  -0.03777112993   -0.9992967025
    0  -0.03149174481   -0.9995142354
    0  -0.02521111649   -0.9996923102
    0  -0.01892949289   -0.9998309199
    0  -0.01264712202   -0.9999300591
    0 -0.006364251867   -0.9999897239
    0 -8.113047462e-005    -1.000009912
    0  0.006201994121   -0.9999906221
    0   0.01248487388   -0.9999318555
    0   0.01876726077   -0.9998336143
    0   0.02504890678   -0.9996959024
    0   0.03132956392   -0.9995187253
    0   0.03760898426   -0.9993020899
    0    0.0438869199   -0.9990460048
    0   0.05016312301   -0.9987504801
    0   0.05643734581   -0.9984155273
    0   0.06270934061   -0.9980411599
    0   0.06897885982   -0.9976273924
    0   0.07524565593   -0.9971742413
    0   0.08150948154   -0.9966817244
    0   0.08777008937   -0.9961498612
    0   0.09402723228   -0.9955786726
    0    0.1002806632   -0.9949681812
    0    0.1065301354   -0.9943184111
    0     0.112775402    -0.993629388
    0    0.1190162165    -0.992901139
    0    0.1252523326   -0.9921336928
    0    0.1314835041   -0.9913270798
    0    0.1377094849   -0.9904813318
    0    0.1439300293   -0.9895964822
    0    0.1501448918   -0.9886725658
    0    0.1563538269   -0.9877096193
    0    0.1625565895   -0.9867076805
    0    0.1687529349    -0.985666789
    0    0.1749426183    -0.984586986
    0    0.1811253954   -0.9834683139
    0    0.1873010222   -0.9823108171
    0    0.1934692547   -0.9811145411
    0    0.1996298497   -0.9798795332
    0    0.2057825637   -0.9786058421
    0    0.2119271539   -0.9772935182
    0    0.2180633778   -0.9759426131
    0    0.2241909932   -0.9745531803
    0     0.230309758   -0.9731252746
    0    0.2364194307   -0.9716589523
    0    0.2425197702   -0.9701542714
    0    0.2486105357   -0.9686112912
    0    0.2546914866   -0.9670300726
    0    0.2607623829    -0.965410678
    0    0.2668229849   -0.9637531714
    0    0.2728730534   -0.9620576182
    0    0.2789123496   -0.9603240853
    0     0.284940635   -0.9585526411
    0    0.2909576717   -0.9567433557
    0     0.296963222   -0.9548963003
    0    0.3029570489   -0.9530115479
    0    0.3089389159    -0.951089173
    0    0.3149085866   -0.9491292513
    0    0.3208658255   -0.9471318603
    0    0.3268103975   -0.9450970788
    0    0.3327420677   -0.9430249871
    0     0.338660602    -0.940915667
    0    0.3445657669   -0.9387692018
    0    0.3504573291   -0.9365856762
    0     0.356335056   -0.9343651764
    0    0.3621987157   -0.9321077901
    0    0.3680480767   -0.9298136064
    0     0.373882908   -0.9274827158
    0    0.3797029792   -0.9251152103
    0    0.3855080606   -0.9227111835
    0    0.3912979231   -0.9202707301
    0    0.3970723381   -0.9177939466
    0    0.4028310775   -0.9152809307
    0    0.4085739141   -0.9127317816
    0    0.4143006212      -0.9101466
    0    0.4200109726   -0.9075254878
    0    0.4257047429   -0.9048685486
    0    0.4313817074   -0.9021758873
    0    0.4370416419   -0.8994476101
    0     0.442684323   -0.8966838247
    0    0.4483095279   -0.8938846403
    0    0.4539170345   -0.8910501673
    0    0.4595066216   -0.8881805177
    0    0.4650780683   -0.8852758047
    0    0.4706311548    -0.882336143
    0    0.4761656618   -0.8793616485
    0    0.4816813708   -0.8763524389
    0    0.4871780642   -0.8733086328
    0    0.4926555248   -0.8702303504
    0    0.4981135364   -0.8671177132
    0    0.5035518837   -0.8639708441
    0    0.5089703518   -0.8607898673
    0    0.5143687268   -0.8575749084
    0    0.5197467957   -0.8543260943
    0    0.5251043461   -0.8510435533
    0    0.5304411666   -0.8477274149
    0    0.5357570463   -0.8443778101
    0    0.5410517756    -0.840994871
    0    0.5463251452   -0.8375787313
    0    0.5515769471   -0.8341295257
    0     0.556806974   -0.8306473905
    0    0.5620150192   -0.8271324631
    0    0.5672008773   -0.8235848822
    0    0.5723643435    -0.820004788
    0     0.577505214   -0.8163923217
    0    0.5826232858   -0.8127476259
    0    0.5877183568   -0.8090708446
    0     0.592790226   -0.8053621228
    0     0.597838693   -0.8016216071
    0    0.6028635586   -0.7978494449
    0    0.6078646244   -0.7940457854
    0    0.6128416929   -0.7902107785
    0    0.6177945677   -0.7863445757
    0    0.6227230533   -0.7824473297
    0     0.627626955   -0.7785191943
    0    0.6325060793   -0.7745603245
    0    0.6373602335   -0.7705708766
    0    0.6421892261   -0.7665510082
    0    0.6469928663   -0.7625008779
    0    0.6517709646   -0.7584206456
    0    0.6565233322   -0.7543104724
    0    0.6612497817   -0.7501705205
    0    0.6659501263   -0.7460009534
    0    0.6706241805   -0.7418019356
    0    0.6752717598    -0.737573633
    0    0.6798926808   -0.7333162125
    0    0.6844867609   -0.7290298421
    0    0.6890538189    -0.724714691
    0    0.6935936743   -0.7203709296
    0    0.6981061481   -0.7159987294
    0    0.7025910619    -0.711598263
    0    0.7070482389   -0.7071697041
    0     0.711477503   -0.7027132275
    0    0.7158786793   -0.6982290091
    0    0.7202515942    -0.693717226
    0    0.7245960749   -0.6891780563
    0    0.7289119499   -0.6846116792
    0    0.7331990489    -0.680018275
    0    0.7374572026   -0.6753980249
    0    0.7416862429   -0.6707511114
    0    0.7458860029   -0.6660777179
    0    0.7500563167    -0.661378029
    0    0.7541970197   -0.6566522301
    0    0.7583079485   -0.6519005078
    0    0.7623889407   -0.6471230497
    0    0.7664398352   -0.6423200445
    0    0.7704604721   -0.6374916816
    0    0.7744506927   -0.6326381518
    0    0.7784103394   -0.6277596466
    0    0.7823392559   -0.6228563586
    0    0.7862372871   -0.6179284815
    0    0.7901042792   -0.6129762096
    0    0.7939400794   -0.6079997386
    0    0.7977445363   -0.6029992649
    0    0.8015174998   -0.5979749859
    0    0.8052588208   -0.5929270999
    0    0.8089683517   -0.5878558063
    0    0.8126459459   -0.5827613052
    0    0.8162914585   -0.5776437978
    0    0.8199047453    -0.572503486
    0    0.8234856637   -0.5673405729
    0    0.8270340725   -0.5621552621
    0    0.8305498315   -0.5569477585
    0    0.8340328018   -0.5517182676
    0    0.8374828461   -0.5464669959
    0     0.840899828   -0.5411941507
    0    0.8442836127     -0.53589994
    0    0.8476340666    -0.530584573
    0    0.8509510575   -0.5252482595
    0    0.8542344543   -0.5198912101
    0    0.8574841275   -0.5145136363
    0    0.8606999487   -0.5091157505
    0     0.863881791   -0.5036977656
    0    0.8670295288   -0.4982598957
    0    0.8701430378   -0.4928023554
    0    0.8732221951     -0.48732536
    0    0.8762668791    -0.481829126
    0    0.8792769696   -0.4763138702
    0    0.8822523478   -0.4707798103
    0    0.8851928963   -0.4652271649
    0    0.8880984989   -0.4596561531
    0    0.8909690409   -0.4540669949
    0     0.893804409   -0.4484599109
    0    0.8966044912   -0.4428351225
    0    0.8993691771   -0.4371928517
    0    0.9020983574   -0.4315333214
    0    0.9047919245   -0.4258567548
    0    0.9074497719   -0.4201633762
    0    0.9100717948   -0.4144534102
    0    0.9126578896   -0.4087270823
    0    0.9152079542   -0.4029846186
    0     0.917721888   -0.3972262457
    0    0.9201995917    -0.391452191
    0    0.9226409675   -0.3856626825
    0     0.925045919   -0.3798579486
    0    0.9274143513   -0.3740382186
    0    0.9297461708   -0.3682037222
    0    0.9320412855   -0.3623546898
    0    0.9342996049   -0.3564913522
    0    0.9365210396   -0.3506139409
    0    0.9387055021    -0.344722688
    0    0.9408529061    -0.338817826
    0    0.9429631667    -0.332899588
    0    0.9450362008   -0.3269682078
    0    0.9470719265   -0.3210239194
    0    0.9490702633   -0.3150669575
    0    0.9510311324   -0.3090975572
    0    0.9529544564   -0.3031159544
    0    0.9548401594    -0.297122385
    0    0.9566881669   -0.2911170857
    0    0.9584984059   -0.2851002936
    0     0.960270805   -0.2790722462
    0    0.9620052941   -0.2730331815
    0     0.963701805   -0.2669833379
    0    0.9653602704   -0.2609229543
    0    0.9669806251   -0.2548522698
    0    0.9685628049   -0.2487715242
    0    0.9701067475   -0.2426809576
    0    0.9716123919   -0.2365808102
    0    0.9730796787   -0.2304713231
    0    0.9745085498   -0.2243527373
    0     0.975898949   -0.2182252944
    0    0.9772508212   -0.2120892364
    0    0.9785641132   -0.2059448054
    0    0.9798387731   -0.1997922441
    0    0.9810747506   -0.1936317953
    0    0.9822719969   -0.1874637022
    0    0.9834304646   -0.1812882084
    0    0.9845501082   -0.1751055576
    0    0.9856308833    -0.168915994
    0    0.9866727473   -0.1627197618
    0    0.9876756591   -0.1565171057
    0     0.988639579   -0.1503082705
    0    0.9895644691   -0.1440935014
    0    0.9904502928   -0.1378730438
    0    0.9912970151   -0.1316471431
    0    0.9921046027   -0.1254160453
    0    0.9928730235   -0.1191799962
    0    0.9936022473   -0.1129392421
    0    0.9942922454   -0.1066940293
    0    0.9949429904   -0.1004446044
    0    0.9955544566  -0.09419121413
    0      0.99612662  -0.08793410534
    0    0.9966594579  -0.08167352505
    0    0.9971529493  -0.07540972042
    0    0.9976070748  -0.06914293874
    0    0.9980218163  -0.06287342741
    0    0.9983971575  -0.05660143394
    0    0.9987330837  -0.05032720594
    0    0.9990295814  -0.04405099109
    0    0.9992866391  -0.03777303719
    0    0.9995042466  -0.03149359207
    0    0.9996823953  -0.02521290363
    0    0.9998210781  -0.01893121982
    0    0.9999202896  -0.01264878865
    0    0.9999800258 -0.006365858117
