t              x              y
    0               1              0
0.001               1 0.006283185307
0.002    0.9999605216  0.01256637061
0.003    0.9998815671  0.01884930789
0.004    0.9997631404  0.02513174912
0.005     0.999605247  0.03141344634
0.006    0.9994078939  0.03769415163
0.007    0.9991710896  0.04397361714
0.008    0.9988948443  0.05025159507
0.009    0.9985791697  0.05652783772
 0.01    0.9982240789  0.06280209745
0.011    0.9978295869  0.06907412674
0.012    0.9973957099  0.07534367817
0.013    0.9969224659  0.08161050444
0.014    0.9964098743  0.08787435839
0.015    0.9958579562  0.09413499296
0.016    0.9952667341   0.1003921613
0.017    0.9946362321   0.1066456166
0.018    0.9939664759   0.1128951124
0.019    0.9932574927   0.1191404022
 0.02    0.9925093114   0.1253812399
0.021    0.9917219622   0.1316173794
0.022    0.9908954769    0.137848575
0.023    0.9900298891    0.144074581
0.024    0.9891252337   0.1502951522
0.025    0.9881815471   0.1565100433
0.026    0.9871988674   0.1627190095
0.027    0.9861772342   0.1689218062
0.028    0.9851166886    0.175118189
0.029    0.9840172733   0.1813079138
 0.03    0.9828790325   0.1874907368
0.031    0.9817020119   0.1936664145
0.032    0.9804862587   0.1998347038
0.033    0.9792318218   0.2059953617
0.034    0.9779387515   0.2121481456
0.035    0.9766070996   0.2182928133
0.036    0.9752369194    0.224429123
0.037     0.973828266   0.2305568331
0.038    0.9723811956   0.2366757023
0.039    0.9708957663   0.2427854899
 0.04    0.9693720374   0.2488859555
0.041      0.96781007   0.2549768591
0.042    0.9662099264   0.2610579609
0.043    0.9645716707   0.2671290218
0.044    0.9628953684    0.273189803
0.045    0.9611810865   0.2792400661
0.046    0.9594288933   0.2852795731
0.047     0.957638859   0.2913080866
0.048     0.955811055   0.2973253695
0.049    0.9539455542   0.3033311854
 0.05    0.9520424311    0.309325298
0.051    0.9501017618   0.3153074717
0.052    0.9481236235   0.3212774716
0.053    0.9461080952    0.327235063
0.054    0.9440552574   0.3331800118
0.055    0.9419651917   0.3391120844
0.056    0.9398379817   0.3450310479
0.057    0.9376737121   0.3509366697
0.058     0.935472469    0.356828718
0.059    0.9332343404   0.3627069613
 0.06    0.9309594153   0.3685711689
0.061    0.9286477843   0.3744211106
0.062    0.9262995396   0.3802565567
0.063    0.9239147746   0.3860772782
0.064    0.9214935844   0.3918830468
0.065    0.9190360653   0.3976736345
0.066    0.9165423152   0.4034488143
0.067    0.9140124332   0.4092083596
0.068    0.9114465203   0.4149520446
0.069    0.9088446783   0.4206796439
 0.07    0.9062070109   0.4263909331
0.071     0.903533623   0.4320856883
0.072     0.900824621   0.4377636862
0.073    0.8980801126   0.4434247043
0.074    0.8953002069   0.4490685208
0.075    0.8924850146   0.4546949146
0.076    0.8896346475   0.4603036652
0.077     0.886749219   0.4658945532
0.078    0.8838288438   0.4714673594
0.079     0.880873638   0.4770218658
 0.08     0.877883719   0.4825578549
0.081    0.8748592057     0.48807511
0.082    0.8718002183   0.4935734153
0.083    0.8687068782   0.4990525556
0.084    0.8655793085   0.5045123166
0.085    0.8624176333   0.5099524848
0.086    0.8592219783   0.5153728475
0.087    0.8559924703   0.5207731927
0.088    0.8527292376   0.5261533094
0.089    0.8494324098   0.5315129874
 0.09    0.8461021179   0.5368520172
0.091    0.8427384939   0.5421701902
0.092    0.8393416715   0.5474672988
0.093    0.8359117855   0.5527431362
0.094     0.832448972   0.5579974964
0.095    0.8289533684   0.5632301743
0.096    0.8254251135   0.5684409657
0.097    0.8218643473   0.5736296673
0.098     0.818271211   0.5787960768
0.099    0.8146458471   0.5839399928
  0.1    0.8109883995   0.5890612146
0.101    0.8072990132   0.5941595427
0.102    0.8035778345   0.5992347784
0.103    0.7998250111   0.6042867241
0.104    0.7960406916   0.6093151829
0.105    0.7922250262   0.6143199591
0.106     0.788378166   0.6193008578
0.107    0.7845002636   0.6242576853
0.108    0.7805914727   0.6291902486
0.109    0.7766519481    0.634098356
 0.11    0.7726818459   0.6389818166
0.111    0.7686813235   0.6438404405
0.112    0.7646505394   0.6486740389
0.113    0.7605896532   0.6534824242
0.114    0.7564988256   0.6582654094
0.115    0.7523782189   0.6630228089
0.116     0.748227996   0.6677544381
0.117    0.7440483214   0.6724601133
0.118    0.7398393605    0.677139652
0.119      0.73560128   0.6817928728
 0.12    0.7313342475   0.6864195953
0.121    0.7270384319   0.6910196401
0.122    0.7227140032   0.6955928291
0.123    0.7183611325   0.7001389852
0.124    0.7139799921   0.7046579324
0.125    0.7095707552   0.7091494958
0.126    0.7051335962   0.7136135017
0.127    0.7006686906   0.7180497774
0.128    0.6961762149   0.7224581515
0.129    0.6916563467   0.7268384537
 0.13    0.6871092648   0.7311905146
0.131    0.6825351488   0.7355141664
0.132    0.6779341795   0.7398092422
0.133    0.6733065387   0.7440755762
0.134    0.6686524093    0.748313004
0.135    0.6639719751   0.7525213621
0.136     0.659265421   0.7567004885
0.137    0.6545329329   0.7608502223
0.138    0.6497746976   0.7649704036
0.139     0.644990903    0.769060874
 0.14     0.640181738   0.7731214761
0.141    0.6353473923   0.7771520539
0.142    0.6304880568   0.7811524524
0.143    0.6256039232   0.7851225181
0.144    0.6206951842   0.7890620986
0.145    0.6157620335   0.7929710427
0.146    0.6108046655   0.7968492006
0.147    0.6058232758   0.8006964236
0.148    0.6008180609   0.8045125644
0.149    0.5957892179   0.8082974769
 0.15    0.5907369452   0.8120510163
0.151    0.5856614419    0.815773039
0.152    0.5805629078   0.8194634028
0.153     0.575441544   0.8231219667
0.154    0.5702975521   0.8267485912
0.155    0.5651311347   0.8303431379
0.156    0.5599424952   0.8339054696
0.157     0.554731838   0.8374354509
0.158     0.549499368   0.8409329471
0.159    0.5442452913   0.8443978253
 0.16    0.5389698146   0.8478299537
0.161    0.5336731454    0.851229202
0.162    0.5283554921    0.854595441
0.163    0.5230170638   0.8579285431
0.164    0.5176580703   0.8612283819
0.165    0.5122787224   0.8644948323
0.166    0.5068792315   0.8677277708
0.167    0.5014598098   0.8709270751
0.168    0.4960206702   0.8740926242
0.169    0.4905620263   0.8772242987
 0.17    0.4850840925   0.8803219804
0.171     0.479587084   0.8833855525
0.172    0.4740712164   0.8864148996
0.173    0.4685367064   0.8894099078
0.174     0.462983771   0.8923704644
0.175    0.4574126282   0.8952964584
0.176    0.4518234964   0.8981877798
0.177    0.4462165949   0.9010443204
0.178    0.4405921434   0.9038659732
0.179    0.4349503625   0.9066526326
 0.18    0.4292914732   0.9094041946
0.181    0.4236156973   0.9121205564
0.182     0.417923257   0.9148016168
0.183    0.4122143754    0.917447276
0.184    0.4064892759   0.9200574355
0.185    0.4007481827   0.9226319985
0.186    0.3949913204   0.9251708693
0.187    0.3892189143   0.9276739541
0.188    0.3834311902   0.9301411601
0.189    0.3776283744   0.9325723963
 0.19    0.3718106938   0.9349675728
0.191    0.3659783758   0.9373266016
0.192    0.3601316482   0.9396493957
0.193    0.3542707397     0.94193587
0.194    0.3483958789   0.9441859406
0.195    0.3425072955   0.9463995251
0.196    0.3366052191   0.9485765427
0.197    0.3306898803   0.9507169139
0.198    0.3247615097   0.9528205608
0.199    0.3188203386    0.954887407
  0.2    0.3128665988   0.9569173775
0.201    0.3069005223   0.9589103989
0.202    0.3009223416   0.9608663991
0.203    0.2949322897   0.9627853078
0.204       0.2889306   0.9646670559
0.205    0.2829175061    0.966511576
0.206    0.2768932421   0.9683188019
0.207    0.2708580425   0.9700886694
0.208    0.2648121421   0.9718211154
0.209    0.2587557762   0.9735160783
 0.21    0.2526891801   0.9751734984
0.211    0.2466125898    0.976793317
0.212    0.2405262414   0.9783754773
0.213    0.2344303713   0.9799199238
0.214    0.2283252162   0.9814266026
0.215    0.2222110134   0.9828954614
0.216        0.216088   0.9843264492
0.217    0.2099564136   0.9857195166
0.218    0.2038164922   0.9870746159
0.219    0.1976684737   0.9883917007
 0.22    0.1915125966   0.9896707263
0.221    0.1853490993   0.9909116492
0.222    0.1791782206   0.9921144279
0.223    0.1730001996   0.9932790221
0.224    0.1668152754    0.994405393
0.225    0.1606236873   0.9954935036
0.226     0.154425675   0.9965433182
0.227     0.148221478   0.9975548026
0.228    0.1420113363   0.9985279244
0.229    0.1357954899   0.9994626524
 0.23    0.1295741789    1.000358957
0.231    0.1233476436    1.001216811
0.232    0.1171161243    1.002036186
0.233    0.1108798617    1.002817059
0.234    0.1046390961    1.003559407
0.235   0.09839406841    1.004263206
0.236   0.09214501927    1.004928437
0.237   0.08589218952    1.005555081
0.238   0.07963582002    1.006143121
0.239    0.0733761517     1.00669254
 0.24   0.06711342549    1.007203326
0.241   0.06084788237    1.007675465
0.242   0.05457976334    1.008108946
0.243   0.04830930939    1.008503759
0.244   0.04203676151    1.008859896
0.245   0.03576236067    1.009177351
0.246   0.02948634783    1.009456119
0.247    0.0232089639    1.009696196
0.248   0.01693044975    1.009897581
0.249   0.01065104619    1.010060272
 0.25   0.00437099398    1.010184271
0.251 -0.001909466209    1.010269581
0.252 -0.008190093786    1.010316205
0.253  -0.01447064826     1.01032415
0.254  -0.02075088923    1.010293422
0.255  -0.02703057643    1.010224031
0.256  -0.03330946971    1.010115986
0.257  -0.03958732904    1.009969298
0.258  -0.04586391456    1.009783983
0.259  -0.05213898655    1.009560053
 0.26  -0.05841230546    1.009297526
0.261   -0.0646836319    1.008996419
0.262  -0.07095272668    1.008656752
0.263   -0.0772193508    1.008278544
0.264  -0.08348326545     1.00786182
0.265  -0.08974423206    1.007406601
0.266  -0.09600201226    1.006912915
0.267   -0.1022563679    1.006380787
0.268   -0.1085070611    1.005810245
0.269   -0.1147538543     1.00520132
 0.27     -0.12099651    1.004554043
0.271   -0.1272347912    1.003868447
0.272    -0.133468461    1.003144566
0.273   -0.1396972829    1.002382435
0.274   -0.1459210207    1.001582092
0.275   -0.1521394384    1.000743575
0.276   -0.1583523005   0.9998669253
0.277   -0.1645593716   0.9989521839
0.278   -0.1707604169    0.997999394
0.279   -0.1769552017   0.9970086002
 0.28   -0.1831434918   0.9959798487
0.281   -0.1893250534   0.9949131868
0.282    -0.195499653   0.9938086636
0.283   -0.2016670574   0.9926663295
0.284   -0.2078270339   0.9914862364
0.285   -0.2139793502   0.9902684377
0.286   -0.2201237746   0.9890129881
0.287   -0.2262600753   0.9877199439
0.288   -0.2323880215   0.9863893628
0.289   -0.2385073826   0.9850213037
 0.29   -0.2446179283   0.9836158274
0.291    -0.250719429   0.9821729957
0.292   -0.2568116555   0.9806928721
0.293    -0.262894379   0.9791755213
0.294   -0.2689673713   0.9776210095
0.295   -0.2750304045   0.9760294046
0.296   -0.2810832515   0.9744007754
0.297   -0.2871256855   0.9727351924
0.298   -0.2931574803   0.9710327275
0.299   -0.2991784101    0.969293454
  0.3   -0.3051882498   0.9675174465
0.301   -0.3111867748   0.9657047811
0.302    -0.317173761   0.9638555351
0.303    -0.323148985   0.9619697874
0.304   -0.3291122239   0.9600476181
0.305   -0.3350632553   0.9580891089
0.306   -0.3410018574   0.9560943426
0.307   -0.3469278092   0.9540634035
0.308   -0.3528408901   0.9519963772
0.309   -0.3587408802   0.9498933509
 0.31   -0.3646275602   0.9477544126
0.311   -0.3705007115   0.9455796523
0.312    -0.376360116   0.9433691609
0.313   -0.3822055564   0.9411230307
0.314    -0.388036816   0.9388413554
0.315   -0.3938536787   0.9365242301
0.316   -0.3996559292   0.9341717511
0.317   -0.4054433529    0.931784016
0.318   -0.4112157357   0.9293611238
0.319   -0.4169728643   0.9269031747
 0.32   -0.4227145262   0.9244102702
0.321   -0.4284405095   0.9218825133
0.322    -0.434150603   0.9193200081
0.323   -0.4398445965   0.9167228599
0.324   -0.4455222801   0.9140911755
0.325    -0.451183445   0.9114250628
0.326    -0.456827883   0.9087246311
0.327   -0.4624553868   0.9059899909
0.328   -0.4680657496   0.9032212538
0.329   -0.4736587656   0.9004185328
 0.33   -0.4792342299   0.8975819423
0.331   -0.4847919379   0.8947115977
0.332   -0.4903316864   0.8918076156
0.333   -0.4958532727   0.8888701141
0.334   -0.5013564948   0.8858992122
0.335   -0.5068411518   0.8828950303
0.336   -0.5123070435     0.87985769
0.337   -0.5177539705    0.876787314
0.338   -0.5231817342   0.8736840263
0.339   -0.5285901371   0.8705479521
 0.34   -0.5339789823   0.8673792176
0.341    -0.539348074   0.8641779505
0.342   -0.5446972169   0.8609442793
0.343    -0.550026217    0.857678334
0.344   -0.5553348809   0.8543802454
0.345   -0.5606230162   0.8510501458
0.346   -0.5658904315   0.8476881685
0.347   -0.5711369361   0.8442944479
0.348   -0.5763623403   0.8408691196
0.349   -0.5815664555   0.8374123202
 0.35   -0.5867490937   0.8339241875
0.351    -0.591910068   0.8304048605
0.352   -0.5970491925   0.8268544793
0.353   -0.6021662823   0.8232731848
0.354   -0.6072611531   0.8196611194
0.355    -0.612333622   0.8160184264
0.356   -0.6173835068     0.81234525
0.357   -0.6224106263   0.8086417358
0.358   -0.6274148003   0.8049080303
0.359   -0.6323958497    0.801144281
 0.36   -0.6373535962   0.7973506366
0.361   -0.6422878627   0.7935272467
0.362   -0.6471984729    0.789674262
0.363   -0.6520852516   0.7857918343
0.364   -0.6569480247   0.7818801162
0.365    -0.661786619   0.7779392616
0.366   -0.6666008623   0.7739694251
0.367   -0.6713905835   0.7699707627
0.368   -0.6761556126    0.765943431
0.369   -0.6808957806   0.7618875878
 0.37   -0.6856109194   0.7578033918
0.371   -0.6903008622   0.7536910028
0.372   -0.6949654431   0.7495505813
0.373   -0.6996044973    0.745382289
0.374   -0.7042178611   0.7411862884
0.375   -0.7088053718   0.7369627431
0.376   -0.7133668678   0.7327118175
0.377   -0.7179021887    0.728433677
0.378   -0.7224111751   0.7241284878
0.379   -0.7268936687   0.7197964172
 0.38   -0.7313495123   0.7154376332
0.381   -0.7357785498   0.7110523049
0.382   -0.7401806263   0.7066406021
0.383   -0.7445555878   0.7022026955
0.384   -0.7489032817    0.697738757
0.385   -0.7532235563   0.6932489588
0.386   -0.7575162611   0.6887334744
0.387   -0.7617812469   0.6841924781
0.388   -0.7660183653   0.6796261448
0.389   -0.7702274694   0.6750346504
 0.39   -0.7744084132   0.6704181717
0.391    -0.778561052   0.6657768862
0.392   -0.7826852421   0.6611109722
0.393   -0.7867808411   0.6564206089
0.394   -0.7908477077   0.6517059762
0.395   -0.7948857018   0.6469672549
0.396   -0.7988946846   0.6422046264
0.397   -0.8028745181    0.637418273
0.398   -0.8068250659   0.6326083779
0.399   -0.8107461926   0.6277751247
  0.4    -0.814637764    0.622918698
0.401    -0.818499647    0.618039283
0.402   -0.8223317099   0.6131370659
0.403    -0.826133822   0.6082122334
0.404   -0.8299058539   0.6032649728
0.405   -0.8336476775   0.5982954724
0.406   -0.8373591658   0.5933039211
0.407    -0.841040193   0.5882905082
0.408   -0.8446906345   0.5832554242
0.409   -0.8483103671   0.5781988599
 0.41   -0.8518992686   0.5731210068
0.411   -0.8554572181   0.5680220572
0.412   -0.8589840961   0.5629022041
0.413   -0.8624797841   0.5577616408
0.414   -0.8659441649   0.5526005616
0.415   -0.8693771226   0.5474191612
0.416   -0.8727785425    0.542217635
0.417   -0.8761483113   0.5369961791
0.418   -0.8794863166     0.53175499
0.419   -0.8827924476    0.526494265
 0.42   -0.8860665946   0.5212142018
0.421   -0.8893086492   0.5159149988
0.422   -0.8925185042   0.5105968549
0.423   -0.8956960537   0.5052599697
0.424   -0.8988411931    0.499904543
0.425   -0.9019538191   0.4945307756
0.426   -0.9050338294   0.4891388686
0.427   -0.9080811234   0.4837290235
0.428   -0.9110956014   0.4783014426
0.429   -0.9140771652   0.4728563284
 0.43   -0.9170257178   0.4673938843
0.431   -0.9199411635   0.4619143138
0.432   -0.9228234079   0.4564178211
0.433   -0.9256723578   0.4509046108
0.434   -0.9284879214    0.445374888
0.435   -0.9312700081   0.4398288583
0.436   -0.9340185286   0.4342667277
0.437   -0.9367333951   0.4286887025
0.438   -0.9394145207   0.4230949898
0.439   -0.9420618201   0.4174857968
 0.44   -0.9446752092   0.4118613312
0.441   -0.9472546052   0.4062218011
0.442   -0.9497999267   0.4005674152
0.443   -0.9523110935   0.3948983823
0.444   -0.9547880266   0.3892149118
0.445   -0.9572306484   0.3835172133
0.446   -0.9596388829   0.3778054969
0.447   -0.9620126548    0.372079973
0.448   -0.9643518907   0.3663408525
0.449   -0.9666565181   0.3605883463
 0.45    -0.968926466    0.354822666
0.451   -0.9711616648   0.3490440233
0.452   -0.9733620459   0.3432526304
0.453   -0.9755275424   0.3374486995
0.454   -0.9776580884   0.3316324436
0.455   -0.9797536194   0.3258040754
0.456   -0.9818140723   0.3199638084
0.457   -0.9838393853   0.3141118561
0.458   -0.9858294979   0.3082484323
0.459   -0.9877843508   0.3023737511
 0.46   -0.9897038862   0.2964880268
0.461   -0.9915880476   0.2905914741
0.462   -0.9934367797   0.2846843077
0.463   -0.9952500285   0.2787667427
0.464   -0.9970277415   0.2728389944
0.465   -0.9987698674   0.2669012783
0.466    -1.000476356     0.26095381
0.467    -1.002147159   0.2549968054
0.468    -1.003782229   0.2490304806
0.469    -1.005381521   0.2430550517
 0.47    -1.006944988   0.2370707354
0.471    -1.008472588    0.231077748
0.472     -1.00996428   0.2250763063
0.473    -1.011420021   0.2190666273
0.474    -1.012839774   0.2130489278
0.475    -1.014223499   0.2070234251
0.476     -1.01557116   0.2009903364
0.477    -1.016882722   0.1949498791
0.478     -1.01815815   0.1889022706
0.479    -1.019397412   0.1828477286
 0.48    -1.020600476   0.1767864707
0.481    -1.021767312   0.1707187146
0.482    -1.022897891   0.1646446782
0.483    -1.023992186   0.1585645793
0.484    -1.025050171    0.152478636
0.485     -1.02607182   0.1463870661
0.486    -1.027057109   0.1402900877
0.487    -1.028006018   0.1341879189
0.488    -1.028918525   0.1280807778
0.489    -1.029794609   0.1219688824
 0.49    -1.030634254   0.1158524509
0.491    -1.031437441   0.1097317014
0.492    -1.032204155   0.1036068521
0.493    -1.032934382  0.09747812095
0.494    -1.033628109  0.09134572611
0.495    -1.034285323   0.0852098856
0.496    -1.034906014  0.07907081744
0.497    -1.035490174  0.07292873958
0.498    -1.036037794  0.06678386994
0.499    -1.036548867  0.06063642637
  0.5    -1.037023389  0.05448662665
0.501    -1.037461355  0.04833468849
0.502    -1.037862763  0.04218082949
0.503    -1.038227611   0.0360252672
0.504    -1.038555899  0.02986821904
0.505    -1.038847628  0.02370990234
0.506    -1.039102801   0.0175505343
0.507    -1.039321422  0.01139033202
0.508    -1.039503495 0.005229512446
0.509    -1.039649027-0.0009317075954
 0.51    -1.039758026-0.007093111429
0.511      -1.0398305 -0.01325448253
0.512    -1.039866459 -0.01941560453
0.513    -1.039865916 -0.02557626124
0.514    -1.039828882 -0.03173623663
0.515    -1.039755372 -0.03789531485
0.516    -1.039645401 -0.04405328027
0.517    -1.039498985  -0.0502099174
0.518    -1.039316143 -0.05636501102
0.519    -1.039096892 -0.06251834607
 0.52    -1.038841255 -0.06866970772
0.521    -1.038549251 -0.07481888139
0.522    -1.038220905  -0.0809656527
0.523    -1.037856239 -0.08710980753
0.524     -1.03745528 -0.09325113201
0.525    -1.037018054  -0.0993894125
0.526    -1.036544589  -0.1055244356
0.527    -1.036034913  -0.1116559884
0.528    -1.035489058  -0.1177838578
0.529    -1.034907054  -0.1239078315
 0.53    -1.034288935  -0.1300276971
0.531    -1.033634734  -0.1361432427
0.532    -1.032944487  -0.1422542567
0.533     -1.03221823  -0.1483605278
0.534    -1.031456001  -0.1544618448
0.535    -1.030657839  -0.1605579972
0.536    -1.029823783  -0.1666487746
0.537    -1.028953876  -0.1727339668
0.538     -1.02804816  -0.1788133644
0.539    -1.027106678  -0.1848867579
 0.54    -1.026129476  -0.1909539384
0.541      -1.0251166  -0.1970146972
0.542    -1.024068096  -0.2030688262
0.543    -1.022984015  -0.2091161174
0.544    -1.021864405  -0.2151563635
0.545    -1.020709317  -0.2211893574
0.546    -1.019518804  -0.2272148923
0.547    -1.018292919   -0.233232762
0.548    -1.017031716  -0.2392427607
0.549    -1.015735251  -0.2452446829
 0.55    -1.014403582  -0.2512383236
0.551    -1.013036765  -0.2572234783
0.552    -1.011634861  -0.2631999427
0.553    -1.010197929  -0.2691675132
0.554    -1.008726031  -0.2751259865
0.555     -1.00721923  -0.2810751598
0.556     -1.00567759  -0.2870148309
0.557    -1.004101175  -0.2929447978
0.558    -1.002490052  -0.2988648591
0.559    -1.000844288  -0.3047748141
 0.56   -0.9991639521  -0.3106744621
0.561   -0.9974491128  -0.3165636034
0.562   -0.9956998411  -0.3224420385
0.563   -0.9939162089  -0.3283095685
0.564   -0.9920982891   -0.334165995
0.565   -0.9902461559  -0.3400111201
0.566   -0.9883598842  -0.3458447465
0.567   -0.9864395505  -0.3516666773
0.568   -0.9844852321  -0.3574767163
0.569   -0.9824970075  -0.3632746676
 0.57   -0.9804749562  -0.3690603362
0.571   -0.9784191591  -0.3748335274
0.572   -0.9763296978   -0.380594047
0.573   -0.9742066552  -0.3863417016
0.574   -0.9720501152  -0.3920762982
0.575    -0.969860163  -0.3977976445
0.576   -0.9676368845  -0.4035055486
0.577    -0.965380367  -0.4091998195
0.578   -0.9630906987  -0.4148802664
0.579    -0.960767969  -0.4205466994
 0.58   -0.9584122681  -0.4261989291
0.581   -0.9560236875  -0.4318367668
0.582   -0.9536023196  -0.4374600242
0.583   -0.9511482581  -0.4430685138
0.584   -0.9486615973  -0.4486620487
0.585    -0.946142433  -0.4542404426
0.586   -0.9435908617  -0.4598035099
0.587   -0.9410069811  -0.4653510656
0.588   -0.9383908898  -0.4708829253
0.589   -0.9357426876  -0.4763989054
 0.59   -0.9330624752  -0.4818988228
0.591   -0.9303503542  -0.4873824951
0.592   -0.9276064274  -0.4928497407
0.593   -0.9248307985  -0.4983003785
0.594   -0.9220235723  -0.5037342282
0.595   -0.9191848544  -0.5091511102
0.596   -0.9163147516  -0.5145508455
0.597   -0.9134133715  -0.5199332557
0.598   -0.9104808228  -0.5252981635
0.599    -0.907517215  -0.5306453918
  0.6   -0.9045226589  -0.5359747646
0.601    -0.901497266  -0.5412861063
0.602   -0.8984411487  -0.5465792425
0.603   -0.8953544206  -0.5518539989
0.604   -0.8922371961  -0.5571102024
0.605   -0.8890895905  -0.5623476805
0.606   -0.8859117201  -0.5675662613
0.607   -0.8827037023  -0.5727657739
0.608   -0.8794656551   -0.577946048
0.609   -0.8761976977   -0.583106914
 0.61     -0.87289995  -0.5882482032
0.611    -0.869572533  -0.5933697475
0.612   -0.8662155686  -0.5984713798
0.613   -0.8628291794  -0.6035529336
0.614   -0.8594134892  -0.6086142431
0.615   -0.8559686224  -0.6136551435
0.616   -0.8524947045  -0.6186754706
0.617   -0.8489918617  -0.6236750612
0.618   -0.8454602214  -0.6286537527
0.619   -0.8418999114  -0.6336113833
 0.62   -0.8383110609  -0.6385477921
0.621   -0.8346937996   -0.643462819
0.622    -0.831048258  -0.6483563047
0.623   -0.8273745678  -0.6532280907
0.624   -0.8236728614  -0.6580780194
0.625   -0.8199432718  -0.6629059337
0.626   -0.8161859332  -0.6677116779
0.627   -0.8124009804  -0.6724950965
0.628   -0.8085885491  -0.6772560354
0.629   -0.8047487759   -0.681994341
 0.63    -0.800881798  -0.6867098605
0.631   -0.7969877537  -0.6914024423
0.632    -0.793066782  -0.6960719353
0.633   -0.7891190225  -0.7007181894
0.634   -0.7851446158  -0.7053410554
0.635   -0.7811437033  -0.7099403849
0.636   -0.7771164271  -0.7145160304
0.637   -0.7730629301  -0.7190678452
0.638   -0.7689833561  -0.7235956835
0.639   -0.7648778494  -0.7280994005
 0.64   -0.7607465554  -0.7325788521
0.641   -0.7565896199  -0.7370338953
0.642   -0.7524071898  -0.7414643877
0.643   -0.7481994124  -0.7458701881
0.644   -0.7439664361   -0.750251156
0.645   -0.7397084097  -0.7546071519
0.646    -0.735425483  -0.7589380371
0.647   -0.7311178064  -0.7632436739
0.648   -0.7267855311  -0.7675239255
0.649   -0.7224288088   -0.771778656
 0.65   -0.7180477922  -0.7760077303
0.651   -0.7136426345  -0.7802110144
0.652   -0.7092134896  -0.7843883752
0.653   -0.7047605123  -0.7885396804
0.654   -0.7002838579  -0.7926647988
0.655   -0.6957836823     -0.7967636
0.656   -0.6912601424  -0.8008359546
0.657   -0.6867133954  -0.8048817341
0.658   -0.6821435994  -0.8089008109
0.659   -0.6775509131  -0.8128930586
 0.66   -0.6729354959  -0.8168583513
0.661   -0.6682975077  -0.8207965645
0.662   -0.6636371092  -0.8247075744
0.663   -0.6589544616  -0.8285912583
0.664   -0.6542497269  -0.8324474942
0.665   -0.6495230676  -0.8362761615
0.666   -0.6447746468    -0.84007714
0.667   -0.6400046283  -0.8438503111
0.668   -0.6352131765  -0.8475955566
0.669   -0.6304004563  -0.8513127597
 0.67   -0.6255666333  -0.8550018043
0.671   -0.6207118737  -0.8586625754
0.672   -0.6158363442   -0.862294959
0.673   -0.6109402121   -0.865898842
0.674   -0.6060236454  -0.8694741124
0.675   -0.6010868125   -0.873020659
0.676   -0.5961298824  -0.8765383719
0.677   -0.5911530248  -0.8800271419
0.678   -0.5861564097  -0.8834868609
0.679   -0.5811402079  -0.8869174218
 0.68   -0.5761045905  -0.8903187186
0.681   -0.5710497294  -0.8936906461
0.682   -0.5659757967  -0.8970331004
0.683   -0.5608829654  -0.9003459782
0.684   -0.5557714086  -0.9036291776
0.685   -0.5506413003  -0.9068825975
0.686   -0.5454928149  -0.9101061379
0.687    -0.540326127  -0.9132996998
0.688   -0.5351414121  -0.9164631851
0.689   -0.5299388459  -0.9195964969
 0.69   -0.5247186048  -0.9226995392
0.691   -0.5194808655  -0.9257722172
0.692   -0.5142258053  -0.9288144369
0.693   -0.5089536019  -0.9318261055
0.694   -0.5036644333  -0.9348071311
0.695   -0.4983584783  -0.9377574229
0.696   -0.4930359159  -0.9406768912
0.697   -0.4876969256  -0.9435654472
0.698   -0.4823416873  -0.9464230033
0.699   -0.4769703814  -0.9492494727
  0.7   -0.4715831887  -0.9520447699
0.701   -0.4661802903  -0.9548088104
0.702    -0.460761868  -0.9575415105
0.703   -0.4553281036  -0.9602427879
0.704   -0.4498791796   -0.962912561
0.705   -0.4444152789  -0.9655507496
0.706   -0.4389365846  -0.9681572743
0.707   -0.4334432803  -0.9707320569
0.708   -0.4279355499  -0.9732750201
0.709   -0.4224135778  -0.9757860877
 0.71   -0.4168775487  -0.9782651848
0.711   -0.4113276476  -0.9807122372
0.712   -0.4057640598  -0.9831271719
0.713   -0.4001869712  -0.9855099171
0.714   -0.3945965679  -0.9878604019
0.715   -0.3889930362  -0.9901785565
0.716   -0.3833765629  -0.9924643121
0.717    -0.377747335  -0.9947176012
0.718     -0.37210554  -0.9969383572
0.719   -0.3664513656  -0.9991265144
 0.72   -0.3607849996   -1.001282009
0.721   -0.3551066305   -1.003404776
0.722   -0.3494164469   -1.005494755
0.723   -0.3437146376   -1.007551884
0.724   -0.3380013917   -1.009576102
0.725   -0.3322768988   -1.011567352
0.726   -0.3265413484   -1.013525574
0.727   -0.3207949307   -1.015450711
0.728   -0.3150378358   -1.017342709
0.729   -0.3092702541   -1.019201512
 0.73   -0.3034923765   -1.021027066
0.731   -0.2977043939   -1.022819319
0.732   -0.2919064974    -1.02457822
0.733   -0.2860988785   -1.026303717
0.734   -0.2802817289   -1.027995762
0.735   -0.2744552404   -1.029654306
0.736   -0.2686196051   -1.031279303
0.737   -0.2627750153   -1.032870705
0.738   -0.2569216634   -1.034428468
0.739   -0.2510597422   -1.035952548
 0.74   -0.2451894444   -1.037442902
0.741   -0.2393109631   -1.038899488
0.742   -0.2334244916   -1.040322266
0.743   -0.2275302232   -1.041711197
0.744   -0.2216283514    -1.04306624
0.745     -0.21571907    -1.04438736
0.746   -0.2098025729    -1.04567452
0.747   -0.2038790539   -1.046927684
0.748   -0.1979487073   -1.048146819
0.749   -0.1920117273   -1.049331891
 0.75   -0.1860683084   -1.050482868
0.751    -0.180118645    -1.05159972
0.752   -0.1741629318   -1.052682417
0.753   -0.1682013636    -1.05373093
0.754   -0.1622341352   -1.054745231
0.755   -0.1562614415   -1.055725294
0.756   -0.1502834776   -1.056671094
0.757   -0.1443004387   -1.057582606
0.758     -0.13831252   -1.058459806
0.759   -0.1323199166   -1.059302674
 0.76   -0.1263228241   -1.060111187
0.761   -0.1203214379   -1.060885326
0.762   -0.1143159533   -1.061625071
0.763    -0.108306566   -1.062330406
0.764   -0.1022934715   -1.063001313
0.765  -0.09627686543   -1.063637777
0.766  -0.09025694348   -1.064239783
0.767  -0.08423390131   -1.064807318
0.768  -0.07820793464   -1.065340369
0.769  -0.07217923917   -1.065838926
 0.77  -0.06614801066   -1.066302977
0.771  -0.06011444483   -1.066732515
0.772  -0.05407873743    -1.06712753
0.773   -0.0480410842   -1.067488016
0.774  -0.04200168085   -1.067813968
0.775  -0.03596072309    -1.06810538
0.776  -0.02991840661    -1.06836225
0.777  -0.02387492704   -1.068584573
0.778  -0.01783048002    -1.06877235
0.779  -0.01178526113   -1.068925578
 0.78 -0.005739465876    -1.06904426
0.781 0.0003067102435   -1.069128397
0.782  0.006353071812   -1.069177992
0.783   0.01239942347   -1.069193049
0.784   0.01844556994   -1.069173572
0.785   0.02449131599   -1.069119569
0.786    0.0305364665   -1.069031045
0.787   0.03658082642    -1.06890801
0.788    0.0426242008   -1.068750473
0.789   0.04866639477   -1.068558443
 0.79   0.05470721359   -1.068331934
0.791   0.06074646261   -1.068070956
0.792    0.0667839473   -1.067775525
0.793   0.07281947325   -1.067445654
0.794   0.07885284618   -1.067081359
0.795   0.08488387194   -1.066682658
0.796    0.0909123565   -1.066249568
0.797   0.09693810601   -1.065782108
0.798    0.1029609267   -1.065280298
0.799    0.1089806251    -1.06474416
  0.8    0.1149970077   -1.064173715
0.801    0.1210098813   -1.063568987
0.802    0.1270190528   -1.062930001
0.803    0.1330243294   -1.062256781
0.804    0.1390255182   -1.061549354
0.805    0.1450224269   -1.060807748
0.806     0.151014863   -1.060031991
0.807    0.1570026344   -1.059222113
0.808    0.1629855492   -1.058378145
0.809    0.1689634157   -1.057500118
 0.81    0.1749360423   -1.056588065
0.811    0.1809032378    -1.05564202
0.812    0.1868648111   -1.054662017
0.813    0.1928205715   -1.053648094
0.814    0.1987703282   -1.052600286
0.815     0.204713891   -1.051518633
0.816    0.2106510697   -1.050403172
0.817    0.2165816746   -1.049253944
0.818     0.222505516   -1.048070991
0.819    0.2284224047   -1.046854354
 0.82    0.2343321515   -1.045604076
0.821    0.2402345677   -1.044320203
0.822    0.2461294648   -1.043002779
0.823    0.2520166546   -1.041651851
0.824    0.2578959492   -1.040267466
0.825    0.2637671609   -1.038849672
0.826    0.2696301025    -1.03739852
0.827     0.275484587   -1.035914059
0.828    0.2813304276    -1.03439634
0.829     0.287167438   -1.032845417
 0.83    0.2929954321   -1.031261343
0.831    0.2988142242   -1.029644173
0.832     0.304623629   -1.027993962
0.833    0.3104234613   -1.026310766
0.834    0.3162135365   -1.024594644
0.835    0.3219936702   -1.022845653
0.836    0.3277636785   -1.021063854
0.837    0.3335233777   -1.019249307
0.838    0.3392725844   -1.017402074
0.839     0.345011116   -1.015522217
 0.84    0.3507387897     -1.0136098
0.841    0.3564554235   -1.011664887
0.842    0.3621608357   -1.009687545
0.843    0.3678548448    -1.00767784
0.844      0.37353727   -1.005635838
0.845    0.3792079306    -1.00356161
0.846    0.3848666465   -1.001455225
0.847     0.390513238  -0.9993167524
0.848    0.3961475257  -0.9971462645
0.849    0.4017693308  -0.9949438338
 0.85    0.4073784748  -0.9927095338
0.851    0.4129747797  -0.9904434388
0.852    0.4185580678  -0.9881456244
0.853    0.4241281621  -0.9858161669
0.854    0.4296848857  -0.9834551437
0.855    0.4352280626  -0.9810626331
0.856    0.4407575168  -0.9786387145
0.857    0.4462730732   -0.976183468
0.858    0.4517745567   -0.973696975
0.859     0.457261793  -0.9711793175
 0.86    0.4627346083  -0.9686305786
0.861    0.4681928291  -0.9660508425
0.862    0.4736362824  -0.9634401941
0.863    0.4790647959  -0.9607987194
0.864    0.4844781977  -0.9581265053
0.865    0.4898763161  -0.9554236396
0.866    0.4952589805   -0.952690211
0.867    0.5006260203  -0.9499263093
0.868    0.5059772656   -0.947132025
0.869    0.5113125471  -0.9443074498
 0.87    0.5166316959  -0.9414526761
0.871    0.5219345438  -0.9385677972
0.872    0.5272209229  -0.9356529075
0.873    0.5324906661  -0.9327081022
0.874    0.5377436066  -0.9297334774
0.875    0.5429795783  -0.9267291303
0.876    0.5481984157  -0.9236951586
0.877    0.5533999537  -0.9206316613
0.878     0.558584028   -0.917538738
0.879    0.5637504745  -0.9144164896
 0.88    0.5688991301  -0.9112650173
0.881    0.5740298319  -0.9080844238
0.882     0.579142418  -0.9048748123
0.883    0.5842367267   -0.901636287
0.884    0.5893125971   -0.898368953
0.885    0.5943698688  -0.8950729162
0.886    0.5994083822  -0.8917482834
0.887     0.604427978  -0.8883951623
0.888    0.6094284977  -0.8850136615
0.889    0.6144097835  -0.8816038904
 0.89    0.6193716781  -0.8781659593
0.891    0.6243140247  -0.8746999794
0.892    0.6292366674  -0.8712060625
0.893    0.6341394508  -0.8676843216
0.894    0.6390222202  -0.8641348703
0.895    0.6438848213  -0.8605578232
0.896    0.6487271009  -0.8569532957
0.897     0.653548906  -0.8533214038
0.898    0.6583500845  -0.8496622648
0.899     0.663130485  -0.8459759964
  0.9    0.6678899566  -0.8422627173
0.901    0.6726283492  -0.8385225471
0.902    0.6773455133  -0.8347556061
0.903    0.6820413002  -0.8309620154
0.904    0.6867155616  -0.8271418969
0.905    0.6913681502  -0.8232953735
0.906    0.6959989194  -0.8194225688
0.907    0.7006077229  -0.8155236069
0.908    0.7051944156  -0.8115986132
0.909    0.7097588528  -0.8076477136
 0.91    0.7143008906  -0.8036710348
0.911    0.7188203857  -0.7996687044
0.912    0.7233171958  -0.7956408506
0.913     0.727791179  -0.7915876025
0.914    0.7322421944  -0.7875090901
0.915    0.7366701015  -0.7834054438
0.916    0.7410747609  -0.7792767951
0.917    0.7454560337  -0.7751232762
0.918    0.7498137819  -0.7709450199
0.919     0.754147868  -0.7667421599
 0.92    0.7584581555  -0.7625148306
0.921    0.7627445086  -0.7582631672
0.922    0.7670067922  -0.7539873055
0.923     0.771244872  -0.7496873822
0.924    0.7754586144  -0.7453635347
0.925    0.7796478867   -0.741015901
0.926    0.7838125568  -0.7366446199
0.927    0.7879524935  -0.7322498311
0.928    0.7920675665  -0.7278316746
0.929    0.7961576459  -0.7233902916
 0.93     0.800222603  -0.7189258236
0.931    0.8042623098   -0.714438413
0.932    0.8082766388   -0.709928203
0.933    0.8122654637  -0.7053953372
0.934    0.8162286587  -0.7008399601
0.935    0.8201660991  -0.6962622169
0.936    0.8240776607  -0.6916622534
0.937    0.8279632204  -0.6870402161
0.938    0.8318226556  -0.6823962522
0.939    0.8356558449  -0.6777305095
 0.94    0.8394626675  -0.6730431365
0.941    0.8432430034  -0.6683342823
0.942    0.8469967336  -0.6636040969
0.943    0.8507237397  -0.6588527307
0.944    0.8544239044  -0.6540803347
0.945     0.858097111  -0.6492870608
0.946     0.861743244  -0.6444730614
0.947    0.8653621883  -0.6396384894
0.948    0.8689538299  -0.6347834986
0.949    0.8725180558  -0.6299082432
 0.95    0.8760547535  -0.6250128781
0.951    0.8795638118  -0.6200975588
0.952    0.8830451199  -0.6151624415
0.953    0.8864985682  -0.6102076829
0.954    0.8899240479  -0.6052334403
0.955    0.8933214511  -0.6002398717
0.956    0.8966906706  -0.5952271355
0.957    0.9000316004  -0.5901953908
0.958    0.9033441351  -0.5851447974
0.959    0.9066281703  -0.5800755154
 0.96    0.9098836026  -0.5749877058
0.961    0.9131103292  -0.5698815298
0.962    0.9163082487  -0.5647571496
0.963      0.91947726  -0.5596147275
0.964    0.9226172634  -0.5544544267
0.965    0.9257281599  -0.5492764107
0.966    0.9288098514  -0.5440808437
0.967    0.9318622407  -0.5388678905
0.968    0.9348852316  -0.5336377161
0.969    0.9378787289  -0.5283904865
 0.97     0.940842638  -0.5231263678
0.971    0.9437768657  -0.5178455269
0.972    0.9466813192   -0.512548131
0.973    0.9495559071   -0.507234348
0.974    0.9524005387  -0.5019043462
0.975    0.9552151243  -0.4965582944
0.976    0.9579995751  -0.4911963618
0.977    0.9607538032  -0.4858187184
0.978    0.9634777218  -0.4804255343
0.979    0.9661712449  -0.4750169803
 0.98    0.9688342876  -0.4695932277
0.981    0.9714667659  -0.4641544481
0.982    0.9740685966  -0.4587008136
0.983    0.9766396977  -0.4532324969
0.984     0.979179988  -0.4477496711
0.985    0.9816893873  -0.4422525095
0.986    0.9841678165  -0.4367411863
0.987    0.9866151973  -0.4312158757
0.988    0.9890314524  -0.4256767525
0.989    0.9914165055   -0.420123992
 0.99    0.9937702814  -0.4145577699
0.991    0.9960927056  -0.4089782621
0.992    0.9983837049  -0.4033856453
0.993     1.000643207  -0.3977800961
0.994      1.00287114   -0.392161792
0.995     1.005067434  -0.3865309106
0.996      1.00723202    -0.38088763
0.997     1.009364829  -0.3752321285
0.998     1.011465793   -0.369564585
0.999     1.013534847  -0.3638851787
